Week, difference, region, region_id, trend, value
2020-12, , Nordrhein-Westfalen, 5, , 0.0056
2020-13, 0.5077, Nordrhein-Westfalen, 5, 0.2252, 0.5132
2020-14, 0.3068, Nordrhein-Westfalen, 5, 0.1361, 0.8201
2020-15, 0.5746, Nordrhein-Westfalen, 5, 0.255, 1.3947
2020-16, 0.3849, Nordrhein-Westfalen, 5, 0.1708, 1.7796
2020-17, -0.2064, Nordrhein-Westfalen, 5, -0.1237, 1.5732
2020-18, -0.5077, Nordrhein-Westfalen, 5, -0.3043, 1.0655
2020-19, -0.2957, Nordrhein-Westfalen, 5, -0.1773, 0.7698
2020-20, -0.3236, Nordrhein-Westfalen, 5, -0.194, 0.4463
2020-21, -0.1227, Nordrhein-Westfalen, 5, -0.0736, 0.3236
2020-22, -0.1339, Nordrhein-Westfalen, 5, -0.0803, 0.1897
2020-23, -0.0446, Nordrhein-Westfalen, 5, -0.0268, 0.145
2020-24, -0.0223, Nordrhein-Westfalen, 5, -0.0134, 0.1227
2020-25, -0.0223, Nordrhein-Westfalen, 5, -0.0134, 0.1004
2020-26, -0.0391, Nordrhein-Westfalen, 5, -0.0234, 0.0614
2020-27, 0.0112, Nordrhein-Westfalen, 5, 0.005, 0.0725
2020-28, 0.0223, Nordrhein-Westfalen, 5, 0.0099, 0.0948
2020-29, -0.0502, Nordrhein-Westfalen, 5, -0.0301, 0.0446
2020-30, 0.0446, Nordrhein-Westfalen, 5, 0.0198, 0.0893
2020-31, -0.0725, Nordrhein-Westfalen, 5, -0.0435, 0.0167
2020-32, 0.1395, Nordrhein-Westfalen, 5, 0.0619, 0.1562
2020-33, -0.0558, Nordrhein-Westfalen, 5, -0.0334, 0.1004
2020-34, 0.0167, Nordrhein-Westfalen, 5, 0.0074, 0.1172
2020-35, -0.0558, Nordrhein-Westfalen, 5, -0.0334, 0.0614
2020-36, 0.0167, Nordrhein-Westfalen, 5, 0.0074, 0.0781
2020-37, -0.0502, Nordrhein-Westfalen, 5, -0.0301, 0.0279
2020-38, 0.0669, Nordrhein-Westfalen, 5, 0.0297, 0.0948
2020-39, 0.0112, Nordrhein-Westfalen, 5, 0.005, 0.106
2020-40, 0.0056, Nordrhein-Westfalen, 5, 0.0025, 0.1116
2020-41, 0.0391, Nordrhein-Westfalen, 5, 0.0173, 0.1506
2020-42, 0.0279, Nordrhein-Westfalen, 5, 0.0124, 0.1785
2020-43, 0.2343, Nordrhein-Westfalen, 5, 0.104, 0.4128
2020-44, 0.3012, Nordrhein-Westfalen, 5, 0.1337, 0.7141
2020-45, 0.3793, Nordrhein-Westfalen, 5, 0.1683, 1.0934
2020-46, 0.4798, Nordrhein-Westfalen, 5, 0.2129, 1.5732
2020-47, 0.2845, Nordrhein-Westfalen, 5, 0.1262, 1.8577
2020-48, 0.7196, Nordrhein-Westfalen, 5, 0.3193, 2.5773
2020-49, 0.2455, Nordrhein-Westfalen, 5, 0.1089, 2.8228
2020-50, 0.1395, Nordrhein-Westfalen, 5, 0.0619, 2.9622
2020-51, 1.244, Nordrhein-Westfalen, 5, 0.552, 4.2063
2020-52, 0.0056, Nordrhein-Westfalen, 5, 0.0025, 4.2119
2020-53, 0.1785, Nordrhein-Westfalen, 5, 0.0792, 4.3904
2021-01, 2.2538, Nordrhein-Westfalen, 5, 1, 6.6441
2021-02, -0.2343, Nordrhein-Westfalen, 5, -0.1405, 6.4098
2021-03, -1.668, Nordrhein-Westfalen, 5, -1, 4.7418
2021-04, -0.0391, Nordrhein-Westfalen, 5, -0.0234, 4.7028
2021-05, -0.4853, Nordrhein-Westfalen, 5, -0.291, 4.2174
2021-06, -1.1157, Nordrhein-Westfalen, 5, -0.6689, 3.1017
2021-07, -0.1729, Nordrhein-Westfalen, 5, -0.1037, 2.9288
2021-08, -0.569, Nordrhein-Westfalen, 5, -0.3411, 2.3598
2021-09, -0.5021, Nordrhein-Westfalen, 5, -0.301, 1.8577
2021-10, -0.3012, Nordrhein-Westfalen, 5, -0.1806, 1.5564
2021-11, -0.2734, Nordrhein-Westfalen, 5, -0.1639, 1.2831
2021-12, -0.0167, Nordrhein-Westfalen, 5, -0.01, 1.2663
2021-13, -0.1953, Nordrhein-Westfalen, 5, -0.1171, 1.0711
2021-14, 0.4296, Nordrhein-Westfalen, 5, 0.1906, 1.5006
2021-15, 0.1395, Nordrhein-Westfalen, 5, 0.0619, 1.6401
2021-16, 0.3124, Nordrhein-Westfalen, 5, 0.1386, 1.9525
2021-17, 0.0391, Nordrhein-Westfalen, 5, 0.0173, 1.9916
2021-18, -0.0279, Nordrhein-Westfalen, 5, -0.0167, 1.9637
2021-19, -0.2455, Nordrhein-Westfalen, 5, -0.1472, 1.7182
2021-20, -0.3403, Nordrhein-Westfalen, 5, -0.204, 1.3779
2021-21, -0.0669, Nordrhein-Westfalen, 5, -0.0401, 1.311
2021-22, -0.5244, Nordrhein-Westfalen, 5, -0.3144, 0.7866
2021-23, -0.1004, Nordrhein-Westfalen, 5, -0.0602, 0.6862
2021-24, -0.3347, Nordrhein-Westfalen, 5, -0.2007, 0.3515
2021-25, 0.0335, Nordrhein-Westfalen, 5, 0.0149, 0.3849
2021-26, -0.0893, Nordrhein-Westfalen, 5, -0.0535, 0.2957
2021-27, -0.0725, Nordrhein-Westfalen, 5, -0.0435, 0.2231
2021-28, -0.0167, Nordrhein-Westfalen, 5, -0.01, 0.2064
2021-29, -0.0335, Nordrhein-Westfalen, 5, -0.0201, 0.1729
2021-30, -0.0725, Nordrhein-Westfalen, 5, -0.0435, 0.1004
2021-31, -0.0279, Nordrhein-Westfalen, 5, -0.0167, 0.0725
2021-32, 0.0112, Nordrhein-Westfalen, 5, 0.005, 0.0837
2021-33, 0.1339, Nordrhein-Westfalen, 5, 0.0594, 0.2176
2021-34, 0.0167, Nordrhein-Westfalen, 5, 0.0074, 0.2343
2021-35, 0.106, Nordrhein-Westfalen, 5, 0.047, 0.3403
2021-36, 0.1506, Nordrhein-Westfalen, 5, 0.0668, 0.4909
